0000000002100400300000000
2000000000015004000000000
0100000040000000000000320
0050000000300000000001020
0001002000500000030000400
3100000000004002500000000
0000012000004000500400000
2000000001000000523000000
0003000500000001040003000
0000540000010000000000020
0020000004000000200010500
0000030045004020000000000
0004003002400000000100000
0001000000000000004042050
2000000300000000051050000
0002000000140005000200000
0005000400000000030000102
0002000001000031000400000
0041004005100020005000000
0000050000000400300110000
0000000041003500000003000
0004110000000000003020000
0000010000040300200400000
0000001000000003050000430
0040040050000003000000001
0400050000000000300001003
0003010004000000000000200
0030000050000042000000000
4000005020001000000003000
2040000003000000500000200
0000040200050043000500000
2000000000000003004200050
0000350000000002500010000
1002005003000000200000000
0010030000005000403000000
0000003000100000000050002
4230100000000000000004100
0400100000000500200050000
0000010000040000053000000
0300005000400050400000100
0010050030000000000000450
0000200030040001002000000
0000240030000000200030405
3002020000000040100002000
0002000000004500004100000
0000010000300000001042000
0000030000000510000040000
0000400200000050400000003
0004000000000001000500003
0000100020000004000050204
0000040100003003004050000
0100000000000000053000314
0001000000000000200503000
5000300000000002400005000
0020050000000000000201030
0000000502000000003001000
0300000000000100402001004
1000000000000000030400500
0000502000053000000040000
0450050030100000000000000
5000000000010200000400000
0500002040000000000000302
0000000023000000005004000
0000000340000000210000000
0000020130000000000000401
5002000000203000005400000
0000204000000304000000500
0050000003000001000045010
5003000050300002004000000
0000000000005000523000400
0000000540010000002004000
0000001400030002000004000
2003000000000000005005040
0400005020000000020000010
0004003000200000000000010
0000000042000100000430000
2300004000000000003000100
0000000103000002040000001
0000001005000400000000012
0050020000001000000041000
0100300200000000000000502
3000000001000020000002005
0000050000200300105000000
0003004000000025000000000
1240000000500000020000154
5002001200004000000000001
0002000000000000150300000
0105000000000030200000000
0000000001000500200000030
0020000040000000300000001
0520130000030000150000000
1000040000000000004003005
0400000000010520500000000
0003000000510004020000000
0001000000000000300025400
0000030010000054000000000
5000020000000000000430020
0000020000000000200010504
3000000010000000020000005
0000000240000100000000003