000003002060030104500000000000000000
000500406000003006000000000000360020
000006000000000000010050002040140020
400300305000000020560000000040000000
000050000430000504510020100000030000
600000030000003002000003240000005000
000000003060000000300502000040006000
100000000006000100060400050000000003
000004500000005000200050102000000300
560040104520000000000300000000000000
400000060310000000005000500000000060
302040040000006000000000010000000050
000000400002004200001004500000200006
010000600000060000001000320400000004
000000000360045000600010400001000000
004006000100000400000000000520000005
200000002000000000040005000623000060
320000003000000400000000402000106040
600000030000000500100000000030000405
000000000010000020000506206000005003
000006040003000200001000200400006000
060010000004000000000300000200000045
030000000306050000000000200450400000
100000003020005000020630000000000400
000000000000003106000001500000206050
540000000000000000003010030001650400
000020030000004500000010600000405000
000000000600020000000200400010300000
000003005020000200400000000000600035
040001600000000300002500500000000003
000050100000020000000006000400001020
000043006300010000000605105004030000
100000060100000000000004500060020500
010006000050000200046000060000000300
000020001300000000603000020000000500
000060000004500000000100004300603000
600000005300001000060000000201030000
003000000000005002000000600040500203
000000000020000040004000000506010005
000040000000000500030000010600650001
130000000204005400000000020000000005
000500000000006000015000300002600000
060000100000500006000204000000004100
200000003602005000000004000000000010
000000000100020000205000300050600004
000060000000036201000002000000001050
000500000000000140060300010000503000
100000000000060000300001000002200050
020300010000000200060000000040005010
000400500000421000000000000001003000
031005000100200300000000040600600000
500000026050000000400000000206000010
000000000000600320000401200000006003
042000010500000010060000000460000100
300000006000020010000004100003000600
000002042030000100064000000050000000
300000060000000000002001000000050203
000300500001000056040000000600400000
005060040002000030000200000400000006
050000000000000460000105300006000200
200030000500100000000000064020300000
003600000005000000060100100040200000
000500400000000001020060200003500000
002000653000060004000001000005000000
060003016000000500200000000005000030
003000000000000005000010000501604000
000400000103000000006000001004002050
000000050006000004000000102000400000
002010000000105000001300000000003006
000030000001400000000600000000006042
000104000000000200000305420500000000
206000000030000060000200005000500040
200000000030000100005200000006000041
000041000100020000000000000020500006
504002000100060300000000000050000000
002010310605000006000030060000000000
400000000000230050000000000403000600
040000030000000040000500600002005006
060001000400000500603000000000001040
000010000000200000050304004020006000
020000013020000200000050000000005004
000040000006001000105020000000020060
054000000003026000000500000000000000
000006000000060120000005023000500000
603400000620000000510000000000000000
030000023000000200601050000004000000
005006200400000000000000400200000100
040006600200000000005000000001100400
000500000000100000063000000020002403
000401002065030000000006000000500000
000301040000000200006000005000030050
600000010600000100000020000000520460
040000000000004003020060000030005004
000000020500300000500200600004000006
060450040000000040000600000100630000
000010000000200000002050004000120600
000100200000520000000003000005000400
003000560000000203000005000000000014
300010013000000500000046000000000000
002010150000000006000000400000000504