0070001000100000400000050200030000004007000000000
0002040005003100007000500000000000060100000000000
0000002000400000600000000000000000600120000040705
0050200000000076000100000000002763000005000000000
1005000000040270015000000000000400006001050000000
2010000000000060000050000000000037000015600000003
0020500000040000600070007040600000000000300000006
0600502000000305010000000000100007000000600000000
0000000000006030007000030000100000000002032040000
0000000000000000500030500400000070002000000070600
0000600600003000100050100060040000000000000000027
0060000000000000370060000020000005021000400000000
0000200000250010040000700000000000600000030070000
0400000010030000051020000200060000000000000000700
3010000000000004006030000000600070017000000005000
7000100400300500000000002000500000000002000006000
0030050000007006000000001000002004000075020000000
7600000000005030000000000040007400000005002000000
0000040040003000203070050000000070100000000000500
0000000165000000000520000000000600005300703010000
0020000040000000050000540000207001010000060000000
0060010000000000400000007000030050000002000005000
0400360023070000020000000000000000000150700000000
0000006000000000060050030200040500300000100300000
5000000000040300003000000000017000000600000000026
0000020057020000000003005400000000040000700000001
0000000000367000000010020000400012000000600070002
6000200020000010000070003000000000000017040040000
0000400000000100041000000000006050000002032000000
0000000600500030240000000700400000100000000100005
1000042000010000300000001000000007000000000060000
0000020700000600400000024000000000050000003000000
0000000004000303000000020700010000000540000000600
0200004004562000000000002013500000000000000000000
0000073200000000300060000015600000004000000070000
0000030040100000000000206310002050000040000000000
5000000000007001400000000006000000000007000005034
4000000006000000001300070010000600001000000000500
6004000000061074000000000000006000000503700000000
0000001001000037604000000040000060000050060000000
0000070050006000405003000040000010000003000010400
0000000051000002045000000000000010001000060020007
0000002000051600000000000600000730000000007001000
0307040000300004000000000070000150002006000006000
0000000700300200000000000600007000000050000304016
0000005600040000000004003000000200300000200001006
0070050050700000000002000500002004000000000210300
0000005000000010060000020000000740000000030010027
0000070000050004000062076000000000030007000000600
0010000000700500005000004000005003010006000000000
0420000005000200001000030000007400003000000001000
0000040300000000031000000504700002006070000030000
6004070000000004000020000005000000000100000600023
3000000103005000000000000005700006000002000000007
7000000000000005300000000030001000400000000302100
0005400000000015670000000007600002020000100000000
1000400000000000502000000000002006000007000041050
0000017000003000130000040000000000020000003000600
0000000000000400000005630000705000004020000023400
0000000000000031004000050000000100000600700027003
0030005000000040000005100000000600000000270000000
0000000000031000000000070000005000000060073400060
0407200300000020400000100000000000016000000000007
0500000400000000000000032100540000000700102000000
1000300700000006005000000000000620000000500001000
0600070000500000000000000630410000000200000070300
0200003060700000200000002000057000000501070000000
0000000000000420560001600000024005030100050000000
0000007000700000125000000060400000000000001050002
0000000237010000050000020000000000400004010000500
7002005003400000005000060000000000006000010000000
0003000004000000000000026034000007003000000000050
0003701000000000040000560000003000000000020050060
1000002000050004700000000000010700000040000010203
0020000000007000010005030000007500000000010004000
0000700040000000070060000000000060000012030006050
0700305000100000000060000740000020002070000000000
6000010000050000000000060300003002010000000000700
0000031000000000402000000000000400350000006000050
0000000040070000000020050000000000052400000300056
0007030206000000700000000000040020000305000000607
2000605000004004000020003070507000000001000000000
0204000000600100000000000000007000001002000605000
0000540000000000000001500000030700006400000050000
0500000603000000200000004070000000600000000406000
0500400000700000000001300000000000000063040000005
0700001000000000060000107000060030000000000004050
0000000020050300017000000200000000600070000040000
7000400020000000000000706050002000001000000004000
0000204000000070000010030000004000600500000207010
0500020000000000003700000000600003200000000300004
0060000100703003002000000000040030020500000000000
0400000201000000000000007050700000006000000500040
0004000060000000000073005000006020007000000000000
0000020000600040005000040001003000600000001000000
0000005000100000000030057004000070000030007000600
1700040001200000005300007000000000000000000000016
3000000000306000000400000000020000000760005000000
0000000013020400000030640002000000000000000004107
4100000000030500000000002000000000600007000000030