0108002000000005000240000000010403000070000000000000005000601800
0400500000000020007000000000000000048000000603000000000305804000
0000507000004010000007800010000032500000000300000800000000400001
0000000000007400710036000010000600080000200001000000001000400050
7800020060205001000000001704008000000000000007084003200000000000
0300021000000000000308050000000040500000000800200000000060072030
0210360000700000005000600408020000000000000005000600000200000000
0020400071006000047000000000500300030000000000008200100400000000
0806304000000871000000000007000300004000400560000000700000080000
0000000000400800070300000000000200000580100080000000006834000050
6347500117583642802461570403176858600204710604300615287040327516
4037085151648327761352802305107487013062040867101070203838264500
6482305057314602120658470317258648607300052867348603147521540068
3570801414523067281607450047260802080376763401826325780040800531
1507438228630015642851377081245047301860361405780276804181457206
4012637550864021830571647068024017048536053027103170560264201857
7608540180534760000020404070080020850000600085000001300750100038
0604170872003650487051233720006450317806241563801058403260832517
6280034510346287045208613067840240017536732856142540310808164723